# intro
0 1 1 882
0 2 1 882
0 3 1 882
0 4 1 882
0 5 1 882
0 0 0 4410
0 1 1 882
0 2 1 882
0 3 1 882
0 4 1 882
0 5 1 882
0 0 0 4410
0 1 1 882
0 2 1 882
0 3 1 882
0 4 1 882
0 5 1 882
0 1 1 882
0 2 1 882
0 3 1 882
0 4 1 882
0 5 1 882
0 1 1 882
0 2 1 882
0 3 1 882
0 4 1 882
0 5 1 882
0 1 1 882
0 2 1 882
0 3 1 882
0 4 1 882
0 5 1 882




# a section arpeggio 1
0 69 1 2205
1 69 1 2205
1 72 1 4410
1 74 1 4410
1 76 1 4410
0 1 1 441
0 2 1 441
0 3 1 441
0 4 1 441
0 5 1 441
1 69 1 2205
1 72 1 4410
1 74 1 4410
1 76 1 4410
0 69 1 2205
1 69 1 2205
1 72 1 4410
0 69 1 2205
1 74 1 2205
1 76 1 4410
0 1 1 441
0 2 1 441
0 3 1 441
0 4 1 441
0 5 1 441
1 69 1 2205
1 72 1 4410
1 74 1 4410
1 76 1 4410

0 69 1 2205
1 69 1 2205
1 72 1 4410
1 74 1 4410
1 76 1 4410
0 1 1 441
0 2 1 441
0 3 1 441
0 4 1 441
0 5 1 441
1 69 1 2205
1 72 1 4410
1 74 1 4410
1 76 1 4410
0 69 1 2205
1 69 1 2205
1 72 1 4410
0 69 1 2205
1 74 1 2205
1 76 1 4410
0 1 1 441
0 2 1 441
0 3 1 441
0 4 1 441
0 5 1 441
1 69 1 2205
1 75 1 4410
1 74 1 4410
1 72 1 4410

0 69 1 2205
1 69 1 2205
1 72 1 4410
1 74 1 4410
1 76 1 4410
0 1 1 441
0 2 1 441
0 3 1 441
0 4 1 441
0 5 1 441
1 69 1 2205
1 72 1 4410
1 74 1 4410
1 76 1 4410
0 69 1 2205
1 69 1 2205
1 72 1 4410
0 69 1 2205
1 74 1 2205
1 76 1 4410
0 1 1 441
0 2 1 441
0 3 1 441
0 4 1 441
0 5 1 441
1 69 1 2205
1 72 1 4410
1 74 1 4410
1 76 1 4410

0 69 1 2205
1 69 1 2205
1 72 1 4410
1 74 1 4410
1 76 1 4410
0 1 1 441
0 2 1 441
0 3 1 441
0 4 1 441
0 5 1 441
1 69 1 2205
1 72 1 4410
1 74 1 4410
1 76 1 4410
0 69 1 2205
1 69 1 2205
1 72 1 4410
0 69 1 2205
1 74 1 2205
1 76 1 4410
0 1 1 441
0 2 1 441
0 3 1 441
0 4 1 441
0 5 1 441
1 69 1 2205
1 75 1 4410
1 74 1 4410
1 72 1 4410


# a section arpeggio 2
0 69 1 2205
1 67 1 2205
1 64 1 4410
1 60 1 4410
1 67 1 4410
0 1 1 441
0 2 1 441
0 3 1 441
0 4 1 441
0 5 1 441
1 64 1 2205
1 60 1 4410
1 67 1 4410
1 64 1 4410
0 69 1 2205
1 60 1 2205
1 67 1 4410
0 69 1 2205
1 64 1 2205
1 60 1 4410
0 1 1 441
0 2 1 441
0 3 1 441
0 4 1 441
0 5 1 441
1 67 1 2205
1 64 1 4410
1 60 1 4410
1 69 1 4410

0 69 1 2205
1 67 1 2205
1 64 1 4410
1 60 1 4410
1 67 1 4410
0 1 1 441
0 2 1 441
0 3 1 441
0 4 1 441
0 5 1 441
1 64 1 2205
1 60 1 4410
1 67 1 4410
1 64 1 4410
0 69 1 2205
1 60 1 2205
1 67 1 4410
0 69 1 2205
1 64 1 2205
1 60 1 4410
0 1 1 441
0 2 1 441
0 3 1 441
0 4 1 441
0 5 1 441
1 67 1 2205
1 64 1 4410
1 60 1 4410
1 69 1 4410

0 69 1 2205
1 72 1 2205
1 74 1 4410
1 75 1 2205
1 76 1 2205
1 75 1 4410
0 1 1 882
0 2 1 882
0 3 1 882
0 4 1 882
0 5 1 882
1 74 1 2205
1 72 1 2205
1 69 1 4410
1 72 1 4410
0 69 1 2205
1 72 1 2205
1 74 1 2205
1 75 1 2205
0 69 1 2205
1 76 1 2205
1 79 1 2205
1 81 1 2205
0 1 1 441
0 2 1 441
0 3 1 441
0 4 1 441
0 5 1 441
1 81 1 2205
1 79 1 2205
1 76 1 2205
1 75 1 2205
1 74 1 2205
1 72 1 2205
1 67 1 2205

# a section end trill
0 1 1 441
0 2 1 441
0 3 1 441
0 4 1 441
0 5 1 441
0 6 1 441
0 7 1 441
0 8 1 441
0 9 1 441
0 10 1 441
1 69 1 1102
1 62 1 1102
1 69 1 1102
1 62 1 1102
1 69 1 1102
1 62 1 1102
1 69 1 1102
1 62 1 1102
1 69 1 1102
1 62 1 1102
1 69 1 1102
1 62 1 1102

0 1 1 441
0 2 1 441
0 3 1 441
0 4 1 441
0 5 1 441
0 6 1 441
0 7 1 441
0 8 1 441
0 9 1 441
0 10 1 441
1 72 1 1102
1 65 1 1102
1 72 1 1102
1 65 1 1102
1 72 1 1102
1 65 1 1102
1 72 1 1102
1 65 1 1102
1 72 1 1102
1 65 1 1102
1 72 1 1102
1 65 1 1102

0 1 1 441
0 2 1 441
0 3 1 441
0 4 1 441
0 5 1 441
0 6 1 441
0 7 1 441
0 8 1 441
0 9 1 441
0 10 1 441
1 74 1 1102
1 67 1 1102
1 74 1 1102
1 67 1 1102
1 74 1 1102
1 67 1 1102
1 74 1 1102
1 67 1 1102
1 74 1 1102
1 67 1 1102
1 74 1 1102
1 67 1 1102

0 1 1 441
0 2 1 441
0 3 1 441
0 4 1 441
0 5 1 441
0 6 1 441
0 7 1 441
0 8 1 441
0 9 1 441
0 10 1 441
1 67 1 1102
1 72 1 1102
1 67 1 1102
1 72 1 1102
1 67 1 1102
1 72 1 1102
1 67 1 1102
1 72 1 1102
1 67 1 1102
1 72 1 1102
1 67 1 1102
1 72 1 1102




# a prime arpeggio 1
0 1 1 441
0 2 1 441
0 3 1 441
0 4 1 441
0 5 1 441
1 81 1 2205
1 76 1 4410
1 74 1 4410
1 72 1 4410
0 1 1 441
0 2 1 441
0 3 1 441
0 4 1 441
0 5 1 441
1 69 1 2205
1 72 1 4410
1 74 1 4410
1 76 1 4410
0 69 1 2205
1 69 1 2205
1 72 1 4410
0 69 1 2205
1 74 1 2205
1 76 1 4410
0 1 1 441
0 2 1 441
0 3 1 441
0 4 1 441
0 5 1 441
1 69 1 2205
1 72 1 4410
1 74 1 4410
1 76 1 4410

0 69 1 2205
1 69 1 2205
1 72 1 4410
1 74 1 4410
1 76 1 4410
0 1 1 441
0 2 1 441
0 3 1 441
0 4 1 441
0 5 1 441
1 69 1 2205
1 72 1 4410
1 74 1 4410
1 76 1 4410
0 69 1 2205
1 69 1 2205
1 72 1 4410
0 69 1 2205
1 74 1 2205
1 76 1 4410
0 1 1 441
0 2 1 441
0 3 1 441
0 4 1 441
0 5 1 441
1 69 1 2205
1 75 1 4410
1 74 1 4410
1 72 1 4410

0 69 1 2205
1 69 1 2205
1 72 1 4410
1 74 1 4410
1 76 1 4410
0 1 1 441
0 2 1 441
0 3 1 441
0 4 1 441
0 5 1 441
1 69 1 2205
1 72 1 4410
1 74 1 4410
1 76 1 4410
0 69 1 2205
1 69 1 2205
1 72 1 4410
0 69 1 2205
1 74 1 2205
1 76 1 4410
0 1 1 441
0 2 1 441
0 3 1 441
0 4 1 441
0 5 1 441
1 69 1 2205
1 72 1 4410
1 74 1 4410
1 76 1 4410

0 69 1 2205
1 69 1 2205
1 72 1 4410
1 74 1 4410
1 76 1 4410
0 1 1 441
0 2 1 441
0 3 1 441
0 4 1 441
0 5 1 441
1 69 1 2205
1 72 1 4410
1 74 1 4410
1 76 1 4410
0 69 1 2205
1 69 1 2205
1 72 1 4410
0 69 1 2205
1 74 1 2205
1 76 1 4410
0 1 1 441
0 2 1 441
0 3 1 441
0 4 1 441
0 5 1 441
1 69 1 2205
1 75 1 4410
1 74 1 4410
1 72 1 4410


# a prime arpeggio 2
0 69 1 2205
1 67 1 2205
1 64 1 4410
1 60 1 4410
1 67 1 4410
0 1 1 441
0 2 1 441
0 3 1 441
0 4 1 441
0 5 1 441
1 64 1 2205
1 60 1 4410
1 67 1 4410
1 64 1 4410
0 69 1 2205
1 60 1 2205
1 67 1 4410
0 69 1 2205
1 64 1 2205
1 60 1 4410
0 1 1 441
0 2 1 441
0 3 1 441
0 4 1 441
0 5 1 441
1 67 1 2205
1 64 1 4410
1 60 1 4410
1 69 1 4410

0 69 1 2205
1 67 1 2205
1 64 1 4410
1 60 1 4410
1 67 1 4410
0 1 1 441
0 2 1 441
0 3 1 441
0 4 1 441
0 5 1 441
1 64 1 2205
1 60 1 4410
1 67 1 4410
1 64 1 4410
0 69 1 2205
1 60 1 2205
1 67 1 4410
0 69 1 2205
1 64 1 2205
1 60 1 4410
0 1 1 441
0 2 1 441
0 3 1 441
0 4 1 441
0 5 1 441
1 67 1 2205
1 64 1 4410
1 60 1 4410
1 69 1 4410

0 69 1 2205
1 72 1 2205
1 74 1 4410
1 75 1 2205
1 76 1 2205
1 75 1 4410
0 1 1 882
0 2 1 882
0 3 1 882
0 4 1 882
0 5 1 882
1 74 1 2205
1 72 1 2205
1 69 1 4410
1 72 1 4410
0 69 1 2205
1 72 1 2205
1 74 1 2205
1 75 1 2205
0 69 1 2205
1 76 1 2205
1 79 1 2205
1 81 1 2205
0 1 1 441
0 2 1 441
0 3 1 441
0 4 1 441
0 5 1 441
1 81 1 2205
1 79 1 2205
1 76 1 2205
1 75 1 2205
1 74 1 2205
1 72 1 2205
1 67 1 2205

# a prime end trill
0 1 1 441
0 2 1 441
0 3 1 441
0 4 1 441
0 5 1 441
0 6 1 441
0 7 1 441
0 8 1 441
0 9 1 441
0 10 1 441
1 69 1 1102
1 62 1 1102
1 69 1 1102
1 62 1 1102
1 69 1 1102
1 62 1 1102
1 69 1 1102
1 62 1 1102
1 69 1 1102
1 62 1 1102
1 69 1 1102
1 62 1 1102

0 1 1 441
0 2 1 441
0 3 1 441
0 4 1 441
0 5 1 441
0 6 1 441
0 7 1 441
0 8 1 441
0 9 1 441
0 10 1 441
1 72 1 1102
1 65 1 1102
1 72 1 1102
1 65 1 1102
1 72 1 1102
1 65 1 1102
1 72 1 1102
1 65 1 1102
1 72 1 1102
1 65 1 1102
1 72 1 1102
1 65 1 1102

0 1 1 441
0 2 1 441
0 3 1 441
0 4 1 441
0 5 1 441
0 6 1 441
0 7 1 441
0 8 1 441
0 9 1 441
0 10 1 441
1 74 1 1102
1 67 1 1102
1 74 1 1102
1 67 1 1102
1 74 1 1102
1 67 1 1102
1 74 1 1102
1 67 1 1102
1 74 1 1102
1 67 1 1102
1 74 1 1102
1 67 1 1102

0 1 1 441
0 2 1 441
0 3 1 441
0 4 1 441
0 5 1 441
0 6 1 441
0 7 1 441
0 8 1 441
0 9 1 441
0 10 1 441
1 79 1 1102
1 72 1 1102
1 79 1 1102
1 72 1 1102
1 79 1 1102
1 72 1 1102
1 79 1 1102
1 72 1 1102
1 79 1 1102
1 72 1 1102
1 79 1 1102
1 72 1 1102


# end
0 1 1 441
0 2 1 441
0 3 1 441
0 4 1 441
0 5 1 441
0 6 1 441
0 7 1 441
0 8 1 441
0 9 1 441
0 10 1 441
1 81 1 1102
1 76 1 1102
1 69 1 1102
1 76 1 1102
1 81 1 1102
1 76 1 1102
1 69 1 1102
1 76 1 1102
1 81 1 1102
1 76 1 1102
1 69 1 1102
1 76 1 1102
1 81 1 1102
1 76 1 1102
1 69 1 1102
1 76 1 1102
1 81 1 1102
1 76 1 1102
1 69 1 1102
1 76 1 1102
1 81 1 1102
1 76 1 1102
1 69 1 1102
1 76 1 1102
1 81 1 1102
1 76 1 1102
1 69 1 1102
1 76 1 1102
1 81 1 1102
1 76 1 1102
1 69 1 1102
1 76 1 1102
1 81 1 1102
1 76 1 1102
1 69 1 1102
1 76 1 1102
1 81 1 1102
1 76 1 1102
1 69 1 1102
1 76 1 1102
1 81 1 1102
1 76 1 1102
1 69 1 1102
1 76 1 1102
1 81 1 1102
1 76 1 1102
1 69 1 1102
1 76 1 1102
1 81 1 1102
1 76 1 1102
1 69 1 1102
1 76 1 1102
1 81 1 1102
1 76 1 1102
1 69 1 1102
1 76 1 1102
1 81 1 1102
1 76 1 1102
1 69 1 1102
1 76 1 1102

1 69 1 52920
1 57 1 17640